63,35
3,2
3,1
3,3
56,4
56,3
56,2
56,1
10,259
56,0
10,155
54,4
54,3
54,2
54,1
10,171
54,0
10,185
52,4
52,3
52,2
52,1
10,169
52,0
10,69
50,4
50,3
50,2
50,1
10,291
50,0
48,4
48,3
48,2
48,1
48,0
46,7
46,6
46,5
46,4
46,3
46,2
9,5
46,1
42,3
8,7
42,1
36,3
8,14
36,2
8,6
36,1
8,5
35,3
8,13
35,1
33,3
8,2
33,2
8,3
33,1
32,3
32,1
31,3
31,1
30,3
30,1
28,3
28,2
28,1
27,3
27,2
27,1
26,3
26,1
20,3
20,2
20,1
19,2
19,3
19,1
12,3
12,2
12,1
11,27
11,26
11,25
11,23
11,22
11,21
11,20
11,19
11,17
11,16
11,15
11,14
11,13
11,11
11,10
11,9
11,8
11,7
11,6
11,5
11,3
11,2
11,1
10,307
10,299
10,287
10,273
10,255
10,247
10,210
